0 0.4707865168539326 0.057724957555178265 0.26741573033707866 0.09507640067911714
0 0.4786516853932584 0.20118845500848898 0.24719101123595505 0.10696095076400679
0 0.4764044943820225 0.3395585738539898 0.3235955056179775 0.10186757215619695
0 0.4764044943820225 0.49575551782682514 0.3146067415730337 0.11544991511035653
0 0.47415730337078654 0.6595925297113752 0.3056179775280899 0.10696095076400679
0 0.1393258426966292 0.8157894736842105 0.251685393258427 0.12393887945670629
0 0.48314606741573035 0.8115449915110357 0.2606741573033708 0.11205432937181664
0 0.8067415730337079 0.6561969439728353 0.24719101123595505 0.10696095076400679
0 0.8224719101123595 0.8089983022071308 0.2606741573033708 0.10696095076400679
0 0.8224719101123595 0.9397283531409168 0.3101123595505618 0.11035653650254669
0 0.4764044943820225 0.9473684210526315 0.2292134831460674 0.09168081494057725
1 0.4752808988764045 0.5721561969439728 0.056179775280898875 0.02037351443123939
1 0.47415730337078654 0.7385398981324278 0.04943820224719101 0.010186757215619695
1 0.7123595505617978 0.49151103565365023 0.035955056179775284 0.042444821731748725
