0 0.3828125 0.07582938388625593 0.25669642857142855 0.09004739336492891
0 0.3783482142857143 0.2725118483412322 0.3861607142857143 0.13744075829383887
0 0.7991071428571429 0.27488151658767773 0.23214285714285715 0.15639810426540285
0 0.796875 0.48696682464454977 0.20982142857142858 0.13507109004739337
0 0.3794642857142857 0.4928909952606635 0.3794642857142857 0.15639810426540285
0 0.3861607142857143 0.6741706161137441 0.24553571428571427 0.08767772511848342
0 0.39732142857142855 0.8175355450236966 0.26339285714285715 0.10900473933649289
0 0.4017857142857143 0.9419431279620853 0.26785714285714285 0.11137440758293839
1 0.42299107142857145 0.5888625592417062 0.09151785714285714 0.04028436018957346
1 0.4330357142857143 0.3732227488151659 0.08928571428571429 0.04976303317535545
1 0.13392857142857142 0.24407582938388625 0.08035714285714286 0.052132701421800945
1 0.1484375 0.4703791469194313 0.078125 0.035545023696682464
