0 0.051666666666666666 0.12777777777777777 0.09833333333333333 0.15396825396825398
0 0.05 0.3515873015873016 0.095 0.1380952380952381
0 0.050833333333333335 0.5793650793650794 0.09833333333333333 0.12380952380952381
0 0.19333333333333333 0.3468253968253968 0.09333333333333334 0.1380952380952381
0 0.3304166666666667 0.3515873015873016 0.10583333333333333 0.1253968253968254
0 0.4775 0.0880952380952381 0.09666666666666666 0.1349206349206349
0 0.6145833333333334 0.08333333333333333 0.1075 0.1253968253968254
0 0.6166666666666667 0.34285714285714286 0.09333333333333334 0.12698412698412698
0 0.47833333333333333 0.3547619047619048 0.10166666666666667 0.12222222222222222
0 0.47708333333333336 0.5746031746031746 0.0925 0.13333333333333333
0 0.3325 0.5746031746031746 0.095 0.12063492063492064
