0 0.10669456066945607 0.07378640776699029 0.11854951185495119 0.08932038834951456
0 0.10251046025104603 0.24660194174757283 0.19665271966527198 0.1825242718446602
0 0.09902370990237098 0.4970873786407767 0.1701534170153417 0.1553398058252427
0 0.11157601115760112 0.7776699029126214 0.17294281729428174 0.16893203883495145
0 0.09902370990237098 0.9514563106796117 0.08647140864714087 0.05436893203883495
0 0.2412831241283124 0.9504854368932039 0.07810320781032078 0.07572815533980583
0 0.29428172942817293 0.7844660194174757 0.08647140864714087 0.10097087378640776
0 0.3584379358437936 0.9485436893203884 0.100418410041841 0.0912621359223301
0 0.41701534170153415 0.7145631067961165 0.16457461645746166 0.170873786407767
0 0.694560669456067 0.7194174757281553 0.14504881450488144 0.09514563106796116
0 0.691771269177127 0.39611650485436894 0.100418410041841 0.1087378640776699
0 0.6910739191073919 0.5631067961165048 0.10181311018131102 0.05436893203883495
0 0.41492329149232915 0.4970873786407767 0.20502092050209206 0.1786407766990291
0 0.9211994421199442 0.3844660194174757 0.14365411436541142 0.12815533980582525
0 0.9260808926080892 0.5019417475728155 0.11436541143654114 0.04854368932038835
1 0.1297071129707113 0.3504854368932039 0.044630404463040445 0.04854368932038835
1 0.2301255230125523 0.2320388349514563 0.061366806136680614 0.04466019417475728
1 0.5285913528591353 0.4766990291262136 0.03905160390516039 0.02524271844660194
1 0.20432357043235705 0.4766990291262136 0.03765690376569038 0.04854368932038835
1 0.12691771269177127 0.596116504854369 0.03347280334728033 0.031067961165048542
1 0.20641562064156208 0.7504854368932039 0.03905160390516039 0.040776699029126215
1 0.44142259414225943 0.5922330097087378 0.03765690376569038 0.031067961165048542
1 0.4372384937238494 0.8077669902912621 0.040446304044630406 0.03495145631067961
1 0.5167364016736402 0.6951456310679611 0.040446304044630406 0.038834951456310676
1 0.798465829846583 0.37475728155339805 0.08786610878661087 0.062135922330097085
0 0.5606694560669456 0.2436893203883495 0.09483960948396095 0.09902912621359224
