0 0.3568232662192394 0.05429864253393665 0.26174496644295303 0.09954751131221719
0 0.354586129753915 0.24434389140271492 0.37360178970917224 0.14479638009049775
0 0.767337807606264 0.23868778280542988 0.24608501118568232 0.1425339366515837
0 0.7740492170022372 0.4490950226244344 0.22371364653243847 0.14705882352941177
0 0.36129753914988816 0.45248868778280543 0.3691275167785235 0.13122171945701358
0 0.3635346756152125 0.6312217194570136 0.2662192393736018 0.09049773755656108
0 0.3724832214765101 0.7635746606334841 0.25279642058165547 0.11538461538461539
0 0.37360178970917224 0.8812217194570136 0.27740492170022374 0.11085972850678733
1 0.10626398210290827 0.22737556561085973 0.09619686800894854 0.07013574660633484
1 0.12639821029082773 0.4343891402714932 0.08277404921700224 0.05429864253393665
1 0.40380313199105144 0.3416289592760181 0.06935123042505593 0.05429864253393665
1 0.4004474272930649 0.5486425339366516 0.07158836689038031 0.042986425339366516
