0 0.4147058823529412 0.06151645207439199 0.18235294117647058 0.10872675250357654
0 0.4152941176470588 0.18025751072961374 0.37176470588235294 0.09728183118741059
0 0.10176470588235294 0.3655221745350501 0.17529411764705882 0.11587982832618025
0 0.40647058823529414 0.3569384835479256 0.18705882352941178 0.13590844062947066
0 0.7517647058823529 0.3562231759656652 0.20705882352941177 0.12017167381974249
0 0.41294117647058826 0.5028612303290415 0.13647058823529412 0.06723891273247497
0 0.10176470588235294 0.5028612303290415 0.1423529411764706 0.07582260371959942
0 0.09529411764705882 0.642346208869814 0.1811764705882353 0.12017167381974249
0 0.09941176470588235 0.7889842632331903 0.13529411764705881 0.06723891273247497
0 0.09941176470588235 0.894134477825465 0.14941176470588236 0.07439198855507868
0 0.4164705882352941 0.6366237482117311 0.21411764705882352 0.12303290414878398
0 0.5770588235294117 0.5028612303290415 0.12588235294117647 0.07010014306151645
0 0.7564705882352941 0.4978540772532189 0.15764705882352942 0.0715307582260372
0 0.7511764705882353 0.6373390557939914 0.2011764705882353 0.12446351931330472
0 0.7558823529411764 0.7818311874105865 0.13294117647058823 0.07868383404864092
0 0.7617647058823529 0.8891273247496424 0.16117647058823528 0.07296137339055794
1 0.15176470588235294 0.2811158798283262 0.03764705882352941 0.044349070100143065
1 0.14 0.4520743919885551 0.03529411764705882 0.02575107296137339
1 0.21294117647058824 0.5908440629470673 0.03529411764705882 0.04291845493562232
1 0.1423529411764706 0.7296137339055794 0.04 0.034334763948497854
1 0.41823529411764704 0.7331902718168812 0.036470588235294116 0.030042918454935622
1 0.5476470588235294 0.5836909871244635 0.041176470588235294 0.02861230329041488
1 0.7935294117647059 0.4434907010014306 0.03176470588235294 0.04005722460658083
1 0.821764705882353 0.28898426323319026 0.041176470588235294 0.03719599427753934
1 0.8747058823529412 0.5844062947067239 0.036470588235294116 0.044349070100143065
1 0.7935294117647059 0.7203147353361946 0.05058823529411765 0.032904148783977114
1 0.4688235294117647 0.2761087267525036 0.03411764705882353 0.04005722460658083
1 0.45 0.4449213161659514 0.03176470588235294 0.034334763948497854
